  
  
0 1.517595933681214e-05 5.070093322543024e-07
0 0.995003270167067 0.09997006636407807
0 0.9969791935667359 0.101527835408992
  
  
0 6.055156910061893e-05 4.048778115740342e-06
0 0.9800631724477272 0.1989408005494206
0 0.9819706366534345 0.2004104825904177
  
  
0 0.0001356679351171994 1.362845808733286e-05
0 0.9553307892950805 0.2959186301916558
0 0.9571269458794207 0.2972688846768958
  
  
0 0.0002397250337600844 3.217916712104825e-05
0 0.9210698188116948 0.3899010609912363
0 0.9226894541845386 0.3910805815220887
  
  
0 0.0003717699829295217 6.2569360404324e-05
0 0.8775935152743199 0.4800281131325814
0 0.8790127364200807 0.481027136495837
  
  
0 0.0005304327449269769 0.000107525737962352
0 0.8253533563866182 0.5653536660718138
0 0.8265185381935058 0.5661365001051653
  
  
0 0.000714095727059261 0.0001696261802031526
0 0.7648825036786664 0.6450165071960263
0 0.7656962676953266 0.6455184997654115
  
  
0 0.0009209758159394566 0.0002513065915961071
0 0.6967688809777871 0.7182462697195536
0 0.6970686791123519 0.7183802701060452
  
  
0 0.001148987743156875 0.0003547867663763719
0 0.6216892823952717 0.7842926876001864
0 0.6221191799255281 0.7847870751901103
  
  
0 0.001395867466921995 0.0004820838272157144
0 0.5403949863776544 0.8425085551836485
0 0.5411236201340076 0.8432652100793732
  
  
0 0.001659102877736789 0.0006349463347141947
0 0.4537162481318898 0.8923017885243644
0 0.4546588612810055 0.893235841869918
  
  
0 0.00193599703782434 0.000814842922001169
0 0.3625404291884935 0.9331682942608022
0 0.363666881351467 0.9342487230001965
  
  
0 0.002223989028699305 0.001023161965031579
0 0.2677114815576503 0.9647278079141041
0 0.2689331520945772 0.9658820331142405
  
  
0 0.002519893328873541 0.001260642898229937
0 0.1702770058191525 0.9866319009750353
0 0.1716122613153722 0.9878718852945551
  
  
0 0.002821042836862916 0.00152819131476503
0 0.0711161949601509 0.9986857455195415
0 0.07250211503294018 0.9999633887814284
  
  
0 0.003124180210625941 0.00182596836971277
0 -0.02869921551124395 1.00075665336092
0 -0.02725848899181218 1.002074316818379
  
  
0 0.003426368244299312 0.002154127352090101
0 -0.1282017865946419 0.9928296310753721
0 -0.1267266085396301 0.9941721816069947
  
  
0 0.003724495770051397 0.002512331367998432
0 -0.226367332125798 0.9749895756021898
0 -0.2248587479638518 0.9763559088721599
  
  
0 0.004015599422850057 0.002900052218638739
0 -0.3222200280111305 0.9474198442589404
0 -0.3206848329042202 0.9488048871629096
  
  
0 0.004296893477800007 0.003316646814253135
0 -0.4148422499962521 0.9103815102204664
0 -0.4133169678951081 0.9117598450544065
  
  
0 0.004565367958418953 0.003760716727921956
0 -0.503243396043154 0.8642699217559875
0 -0.5017235213646056 0.8656445832935301
  
  
0 0.004818529987851084 0.004231213441126831
0 -0.5866019923731474 0.8095104448190803
0 -0.585135425208707 0.8108477136361915
  
  
0 0.005053526206741129 0.004725873225014659
0 -0.6639794931027448 0.7467239510973863
0 -0.6625331738935496 0.7480467553457876
  
  
0 0.005268271912476373 0.005243340666578242
0 -0.7346884708596674 0.6764741169485682
0 -0.7333108080703852 0.677747256729589
  
  
0 0.005460444115909921 0.005781093941188128
0 -0.7979646306000148 0.5995176890044353
0 -0.7966547057072453 0.6007407431547137
  
  
0 0.005628164188196616 0.006336893528060944
0 -0.853189153144444 0.5166156467024203
0 -0.8519656422888137 0.5177734656413575
  
  
0 0.005769770970389744 0.006908308640791559
0 -0.8998147824682959 0.4285874509258982
0 -0.8987195401715791 0.4296459857388581
  
  
0 0.005883831264947332 0.007492679054147252
0 -0.9373693420223421 0.3363142276432445
0 -0.9364659157268513 0.3372191229060496
  
  
0 0.005969135130561496 0.008086813743498317
0 -0.965455105628926 0.2407841532667661
0 -0.9647517209823222 0.2415220295871485
  
  
0 0.006024885366012334 0.00868815035281398
0 -0.9838081330848547 0.1429041355301807
0 -0.9834315340392031 0.1433516632732175
  
  
0 0.006050500415418839 0.00929357412897922
0 -0.9922424419681897 0.04367815952454206
0 -0.991867284216531 0.04386025820108612
  
  
0 0.006045718941676805 0.009900137584769583
0 -0.9906740023831905 -0.05591535445526501
0 -0.989809041323167 -0.05537499139427407
  
  
0 0.00601058849124535 0.01050462739134476
0 -0.9791103919822779 -0.1548363779049711
0 -0.9779274405452543 -0.1540392129022025
  
  
0 0.005945461935953904 0.01110409839036902
0 -0.9576690876801638 -0.2521018134668193
0 -0.9562344031072414 -0.2510884547022716
  
  
0 0.005851002236509476 0.01169552010286546
0 -0.9265685232725478 -0.3467224635645385
0 -0.9249369376561546 -0.3455297001208483
  
  
0 0.005728133629019768 0.01227613123430066
0 -0.8861132574113766 -0.4377657399436841
0 -0.8843204537019661 -0.4364152163688022
  
  
0 0.005578172669552954 0.01284281539863385
0 -0.8367365295113796 -0.5242626296183114
0 -0.8348400275683471 -0.5227998860243461
  
  
0 0.00540252018544049 0.01339334550429743
0 -0.7788998970475981 -0.6054056600638352
0 -0.7769322783467844 -0.6038502457049636
  
  
0 0.005203001748921313 0.01392501356994866
0 -0.713204254479428 -0.6803421860809488
0 -0.7112158238945357 -0.678732336090942
  
  
0 0.004981571187577454 0.01443565170238457
0 -0.6402928464351282 -0.7483334037487821
0 -0.6383418452173124 -0.7467122729216058
  
  
0 0.004740580260589384 0.01492290681392379
0 -0.5609400235249751 -0.8086585112345134
0 -0.5590862166301909 -0.8070770399702571
  
  
0 0.004482458522790067 0.01538497843199343
0 -0.4759457658508319 -0.8607197542678968
0 -0.4742493307655007 -0.8592301047168263
  
  
0 0.004209580066504793 0.01582064887812873
0 -0.3860910229627491 -0.9040318122817848
0 -0.3846756112748845 -0.9027340231785558
  
  
0 0.003924893615984363 0.01622823949671925
0 -0.2923465689344064 -0.9381197233412304
0 -0.2913488968025688 -0.9371402184001437
  
  
0 0.003631242074356123 0.01660675661031322
0 -0.1956464093777529 -0.9626454676183684
0 -0.1953742222525011 -0.9622975142499215
  
  
0 0.003331478112987109 0.01695557131422397
0 -0.09695134929857237 -0.9773839979686489
0 -0.09594770518263919 -0.9767339203957869
  
  
0 0.003028550377124985 0.0172742732131356
0 0.002787890013481021 -0.9821709565553224
0 0.004323049575362556 -0.9810681911590203
  
  
0 0.002725806763150243 0.01756240117404341
0 0.1024696366478002 -0.9769518196688636
0 0.1042791055722588 -0.9755844911209519
  
  
0 0.002425945199495843 0.01782044262159639
0 0.2012038981300904 -0.9617750698506017
0 0.2031650301019592 -0.9602278159264979
  
  
0 0.002132138679647417 0.01804869648973023
0 0.2979460870310266 -0.9367927868080627
0 0.2999205205257577 -0.9351728223684844
  
  
0 0.001847510610110262 0.018247806954826
0 0.3916675393866376 -0.9022802681599341
0 0.3935343710760854 -0.9006913373786423
  
  
0 0.001574579199170886 0.01841906222681157
0 0.4815395711433799 -0.8585439082759737
0 0.4831374972706119 -0.8571160996063609
  
  
0 0.001316189776483479 0.01856370158906908
0 0.5666262280496828 -0.8060266066530741
0 0.5677172802042133 -0.8049698938490416
  
  
0 0.001075063293568825 0.01868325102272308
0 0.6460356094800981 -0.7452793383027275
0 0.6460507565135067 -0.7452159551938032
  
  
0 0.0008534197027839556 0.01877965188977864
0 0.7190010055053782 -0.6768890595281096
0 0.7203048837850327 -0.675992387808688
  
  
0 0.0006536192636381116 0.01885491384240937
0 0.7847841461400739 -0.6015503002567339
0 0.7865485930221569 -0.6002301173641288
  
  
0 0.0004775985804618828 0.01891134979551375
0 0.8427404417370357 -0.519995178124215
0 0.8447052520851425 -0.5184411679417545
  
  
0 0.0003271838007841682 0.0189514158855613
0 0.892268020703872 -0.4330708536015486
0 0.8942199217401646 -0.4314520232448147
  
  
0 0.0002038554505793246 0.01897776182257647
0 0.9328792595453359 -0.3416437570605474
0 0.9346154266173519 -0.3401285950483546
  
  
0 0.0001087898668842593 0.01899317322926852
0 0.9641879251326163 -0.2465764663274986
0 0.9654150734619411 -0.2454167103699531
  
  
0 4.301382711439761e-05 0.01900052173287653
0 0.9858598243127947 -0.1488960896219977
0 0.9859648634435693 -0.1487203075636247
  
  
0 7.116488213966125e-06 0.01900277963734959
0 0.9976639109753314 -0.0494926277627258
0 0.9990751043304431 -0.04850009120618922
  
  
0 1.510508435306854e-06 0.01900295807778877
0 0.9995042928879707 0.05057993920894716
0 1.001367916241991 0.05200731701573893
  
  
0 2.62369832284782e-05 0.01900409515025925
0 0.9913611195837622 0.1503285898169207
0 0.9933421086596371 0.1519361820072131
  
  
0 8.102025187157058e-05 0.01900921483423974
0 0.9733243620106923 0.2487315856330994
0 0.975153029635656 0.2502985663152772
  
  
0 0.0001653546206969477 0.01902130748558692
0 0.9455613773441054 0.3448812289998919
0 0.9468985748893798 0.3461210747750091
  
  
0 0.0002783412493848834 0.01904328124580763
0 0.9083728228862563 0.4377551670897508
0 0.90849410693205 0.437947344194507
  
  
0 0.0004189264672853047 0.01907797011530797
0 0.8620654686557517 0.5264548723205842
0 0.8635439661504333 0.5275098950564515
  
  
0 0.0005856687692473577 0.01912806127532705
0 0.8071565115724797 0.6100888944537488
0 0.809072865819255 0.6115802109540602
  
  
0 0.0007769017567961182 0.01919609506006843
0 0.7441883742629443 0.6878206447685699
0 0.7461383895982582 0.6894374336728384
  
  
0 0.000990639198669452 0.01928440052074438
0 0.6738145835590224 0.7588508032861684
0 0.6754338014475536 0.7602894877508106
  
  
0 0.001224798889969999 0.01939515222035923
0 0.596722990308016 0.8224973017425261
0 0.5974632190811169 0.8232642949010072
  
  
0 0.00147708329311077 0.01953030852512213
0 0.5136460012523167 0.8781174442805366
0 0.5149379224948211 0.8790093310957419
  
  
0 0.001745064961239362 0.01969163003351394
0 0.4253996995785159 0.9251688116279136
0 0.4272956763537987 0.9266362508077571
  
  
0 0.002025792477960169 0.01988038634833381
0 0.3329632965767464 0.9631443818910791
0 0.334908981338946 0.9647601480441798
  
  
0 0.002316426409535411 0.02009768331218044
0 0.2372702330665993 0.991676365599058
0 0.2388348990448189 0.9930797679796044
  
  
0 0.00261425059587983 0.02034452322909538
0 0.139218694278079 1.010508287295748
0 0.1396573320468405 1.01101333751647
  
  
0 0.00291629354153067 0.02062150341022542
0 0.03975116209670528 1.019420843966484
0 0.04126951834952756 1.020510399596014
  
  
0 0.003219550086027632 0.02092893803669836
0 -0.06010820316012053 1.018338043984099
0 -0.05814801480147924 1.019892174851406
  
  
0 0.003520784989431707 0.02126659579839233
0 -0.1592950194623364 1.007276857686554
0 -0.1574575958152108 1.008849574108042
  
  
0 0.003817067127831744 0.02163422443570348
0 -0.2568436878011464 0.9863521460694297
0 -0.2557314710498442 0.9874250615270967
  
  
0 0.004105393681052183 0.0220311411272636
0 -0.3517818300145251 0.955770727865505
0 -0.3506538110609421 0.9565211786833868
  
  
0 0.00438305012712166 0.02245668921916997
0 -0.4432157545688902 0.9158044069946708
0 -0.4413206328560739 0.9172698734147878
  
  
0 0.004646839671862038 0.02290899324870806
0 -0.5300746708062201 0.8669405440391118
0 -0.5281529579495101 0.8685496088749046
  
  
0 0.004894549169873391 0.02338729418308266
0 -0.6116311618373265 0.8095938711354755
0 -0.6103157935750416 0.8108218174821734
  
  
0 0.005123416656662196 0.02388934248633098
0 -0.6869862247880296 0.7443954080915702
0 -0.686053575648776 0.7449872160150547
  
  
0 0.005331340035989366 0.02441360345224003
0 -0.755461073942385 0.6719202544217869
0 -0.753589571980131 0.6733581484812219
  
  
0 0.005516019057892644 0.02495734768316172
0 -0.8162712628858081 0.5929950012980828
0 -0.8143586280108754 0.5946004054248349
  
  
0 0.005675661352290368 0.02551827238233494
0 -0.8688290181478251 0.508401011314448
0 -0.867575617517677 0.5095818502327872
  
  
0 0.005808738106227345 0.02609408733630144
0 -0.9126462581391058 0.418938002614223
0 -0.9114954543617814 0.419707796662633
  
  
0 0.005913844349040969 0.02668182556624575
0 -0.9472642532217381 0.325528589473176
0 -0.9453402534365455 0.3270312419391773
  
  
0 0.005989942209345348 0.02727877441362386
0 -0.9723199327918998 0.229113141493049
0 -0.9704975938143321 0.2306764418868262
  
  
0 0.006036227223872307 0.02788157311326929
0 -0.9875483304458035 0.1307315356612138
0 -0.9867089874700217 0.1315834437796943
  
  
0 0.006052278258507693 0.02848767695211577
0 -0.9928421256647281 0.03127863942647754
0 -0.9912940950026128 0.03239624969739902
  
  
0 0.006037907570512933 0.02909403381256737
0 -0.9881154291945412 -0.06823248298117215
0 -0.9861427819147229 -0.06663207144308995
  
  
0 0.005993272750678191 0.02969720892272016
0 -0.9734129953037843 -0.1667235587713216
0 -0.9718855342790882 -0.1653469391096223
  
  
0 0.005918858573474413 0.0302941713758689
0 -0.9489010621784273 -0.2631999666249825
0 -0.9481455929868569 -0.262741662938002
  
  
0 0.005815339217577969 0.03088251785527299
0 -0.9148287904027042 -0.356809339467587
0 -0.9129417938152008 -0.3553495378378579
  
  
0 0.005683794807153203 0.03145903793538533
0 -0.8715141832916985 -0.4465176912529257
0 -0.8696826291705105 -0.4449506033222874
  
  
0 0.005525564006155083 0.03202095035830642
0 -0.8193989312077518 -0.531414624344369
0 -0.8187354738639667 -0.5307130622015975
  
  
0 0.00534216589256828 0.03256588389601314
0 -0.7590237737909479 -0.6107068805001006
0 -0.7573127350403164 -0.6094320585631535
  
  
0 0.005135586133756321 0.03309100988027861
0 -0.6910055207685397 -0.6835169778216064
0 -0.6890694986946754 -0.6819069216219319
  
  
0 0.004907769512526024 0.0335944611768861
0 -0.6159816305014528 -0.7491540423338965
0 -0.6148816492596147 -0.7480943548269261
  
  
0 0.004661023619877381 0.0340741546429013
0 -0.5347403581602788 -0.8069621591999557
0 -0.5332039296604409 -0.8058525126876496
  
  
0 0.004397900453887499 0.03452818541842816
0 -0.4481063606537384 -0.8563404659952576
0 -0.4461451872188391 -0.8547313990403159
  
  
0 0.004121104172248822 0.03495497812460018
0 -0.3569566388186542 -0.8967717680574682
0 -0.3556825890145588 -0.8955775448579005
  
  
0 0.003833295397230359 0.03535349625390517
0 -0.2621908939021719 -0.9278831693966653
0 -0.2607760952542781 -0.9268837387590614
  
  
0 0.003537245782313243 0.03572291343277315
0 -0.1647166587315133 -0.9493706813530525
0 -0.1627515167345416 -0.9477657055704775
  
  
0 0.003236265286262297 0.03606215586264865
0 -0.06560381437495562 -0.9609724148361551
0 -0.06432008480664042 -0.9597695797220515
  
  
0 0.002933106164800411 0.03637118891991454
0 0.0342158914351459 -0.9626011371287601
0 0.03568002415773579 -0.9615589925962689
  
  
0 0.002630872349543382 0.03664987957746178
0 0.1337271109000031 -0.9542391349360959
0 0.1356842636863523 -0.9526303951220412
  
  
0 0.002332709072890147 0.03689838362006657
0 0.2319140522196616 -0.9359531130379037
0 0.2330478500198496 -0.9348632216765976
  
  
0 0.002041500651571119 0.03711735185518839
0 0.3277951794215662 -0.9079424927101104
0 0.3294002747060524 -0.9067719783050499
  
  
0 0.001759986136157785 0.03730774453235466
0 0.4204864166090223 -0.8704540239574454
0 0.4223949733833786 -0.8688519823515046
  
  
0 0.001491538270508322 0.03747034101265111
0 0.5088929184608413 -0.8239248154853347
0 0.5096479488988152 -0.8231402660297492
  
  
0 0.001238241300571371 0.03760693217620288
0 0.5922837437346634 -0.7687520149760931
0 0.59409373580587 -0.7673783056137329
  
  
0 0.00100302543178378 0.03771896806249288
0 0.6697340494025104 -0.7055425674162883
0 0.6715248651061225 -0.7039961207839801
  
  
0 0.0007880832027161429 0.03780845588490066
0 0.7405234645827579 -0.6348806580659526
0 0.7410919874558634 -0.6345647273609478
  
  
0 0.0005954925612581698 0.0378775597944775
0 0.803921417041537 -0.5574809583226465
0 0.8058699356091308 -0.5559365593659999
  
  
0 0.0004274197268535785 0.0379285455677747
0 0.859269091926388 -0.4741690448514122
0 0.8607296585841862 -0.4728365706688769
  
  
0 0.000285400290352768 0.03796399700888899
0 0.9060326448308033 -0.3857399393561232
0 0.9074533825734813 -0.3847374217465044
  
  
0 0.0001708162477437769 0.03798660301222789
0 0.9437557270505709 -0.2930527847354647
0 0.9456911109444271 -0.2914457166835968
  
  
0 8.489795486081619e-05 0.03799915801750468
0 0.9720613725875851 -0.1970686362524347
0 0.9727547939691309 -0.19633818494042
  
  
0 2.844270093680562e-05 0.03800458389725035
0 0.9906361566000966 -0.0987015526324211
0 0.9925088990096699 -0.0972563251639743
  
  
0 2.080412556290712e-06 0.03800585865688758
0 0.9993193136537576 0.0009540180097923384
0 1.000963418456335 0.002409455763403027
  
  
0 6.022080877236985e-06 0.03800601104132614
0 0.9980261401537798 0.1010367069605253
0 0.9992837476181442 0.1018999586398748
  
  
0 4.025828271897179e-05 0.03800807716466839
0 0.9867447307899789 0.2004920618438048
0 0.9886898624738419 0.202098723094028
  
  
0 0.0001044185712574747 0.03801507243297746
0 0.9656340675677253 0.2983066735708752
0 0.96630340648119 0.2990143116616972
  
  
0 0.0001978788873829941 0.03802996582909064
0 0.9348453122130919 0.3935103183071393
0 0.9367344858968842 0.3949771566509453
  
  
0 0.0003196968509592321 0.03805564530832052
0 0.8947384654059422 0.4851710652218344
0 0.8962635898207395 0.4865456135746235
  
  
0 0.0004686831513078799 0.03809490040751202
0 0.8456815388884692 0.5723815757138888
0 0.8471954601933552 0.5734723499527489
  
  
0 0.0006433021739967254 0.03815036613345252
0 0.7881800077057443 0.6542314111354152
0 0.7900487266610481 0.6558151601307107
  
  
0 0.0008418286902759801 0.03822453283291626
0 0.7228253885356037 0.7299461957650873
0 0.7234903815575484 0.7303375607891419
  
  
0 0.001062372975202414 0.03831974398806762
0 0.6501904649937067 0.7987465158087149
0 0.6521521572123196 0.8003384115995772
  
  
0 0.001302433891371277 0.03843795289090268
0 0.5711580246723083 0.8599137220515919
0 0.5720549895178434 0.860811704851121
  
  
0 0.001559868697467176 0.03858113486836119
0 0.4863799098618315 0.9128747163972346
0 0.4882587283147798 0.9143308403083346
  
  
0 0.001832052791325155 0.03875088195219537
0 0.3967624971691772 0.9571071390037893
0 0.3982085720971801 0.9584273150194882
  
  
0 0.002116277653942934 0.03894855615366472
0 0.3031723645758257 0.9921588026292032
0 0.3048446575628714 0.9933979891571859
  
  
0 0.002409634779959485 0.03917518319409657
0 0.2065774323452151 1.017667275849607
0 0.2082952163529317 1.019169582042338
  
  
0 0.002709163060576109 0.03943151603096154
0 0.1079554266212621 1.033393103670459
0 0.1093151232491906 1.03434499382636
  
  
0 0.003011956728186891 0.03971811982863321
0 0.008247717847362824 1.039159203991945
0 0.0101113046232738 1.040741290129216
  
  
0 0.003314678346304722 0.04003485846933402
0 -0.09141820404106278 1.034946020839749
0 -0.09053335625835934 1.035503259140431
  
  
0 0.003614680926377111 0.04038199901815288
0 -0.1902136247888662 1.020750009894114
0 -0.1882716759624095 1.022354064583171
  
  
0 0.003908789039914626 0.04075894229736486
0 -0.2870332479274625 0.996771871761174
0 -0.2868998954697229 0.9968057636917175
  
  
0 0.004194198814739948 0.04116517748428496
0 -0.3810330092288172 0.9631636501384088
0 -0.3790753257771956 0.9647563390158793
  
  
0 0.004467633957562257 0.04159906722892863
0 -0.4710503050210188 0.9203878183631345
0 -0.4705146621497053 0.9209831014955321
  
  
0 0.00472678532607403 0.04205998306558688
0 -0.5563989549582631 0.8687561602624759
0 -0.5544448972868348 0.8703227900688254
  
  
0 0.004968756204368007 0.04254584425285791
0 -0.6360588982536661 0.808888033259748
0 -0.6352840434463507 0.8096896329579878
  
  
0 0.00519126684967845 0.04305510407308599
0 -0.7093397023624309 0.7413143440476111
0 -0.7073984484247891 0.7428552285318273
  
  
0 0.005392012459834488 0.04358554752442964
0 -0.7754270524557713 0.666770173202069
0 -0.7745216883189079 0.6676792983627988
  
  
0 0.00556912046303575 0.04413535736706612
0 -0.8337564214220332 0.5859064603964393
0 -0.8318161829837362 0.587446044212533
  
  
0 0.005720504052392539 0.04470106326948022
0 -0.8835902508001646 0.4997167367379081
0 -0.8826837835908842 0.5006261253025046
  
  
0 0.005844928151381245 0.04528105839091005
0 -0.9245722598406417 0.40888374633717
0 -0.9226316718977896 0.4104245542110027
  
  
0 0.005940964593396094 0.04587178171775709
0 -0.9561808305680649 0.314475976507563
0 -0.9553540998079231 0.3153190097425236
  
  
0 0.006007741594551934 0.04647084403790832
0 -0.9781822980059054 0.2173328472631183
0 -0.9762351496023176 0.2188867136440578
  
  
0 0.006044556543645102 0.04707512399174303
0 -0.9902883661716492 0.1184935999525263
0 -0.9896606792231559 0.1191670918469367
  
  
0 0.006051035463970162 0.0476816426858968
0 -0.9924378738892745 0.01890598439957955
0 -0.9904822244180272 0.02048692524836503
  
  
0 0.00602712045120449 0.04828708418657965
0 -0.9845421188455078 -0.08033356597213658
0 -0.9843268829448918 -0.08004190034514785
  
  
0 0.00597301126051956 0.04888902863917656
0 -0.9667465065107839 -0.1783835162889728
0 -0.9648038104886327 -0.1767836056502479
  
  
0 0.005889347207923455 0.04948351967051979
0 -0.9391835126022934 -0.2740387678512051
0 -0.9384505437124031 -0.2735963172459648
  
  
0 0.005776852614614739 0.05006854726331954
0 -0.9021562730845982 -0.3665407630618682
0 -0.9002647395038964 -0.3649498857390515
  
  
0 0.005636782358124078 0.05064060482475825
0 -0.8560268616081459 -0.4547988737269875
0 -0.8548046837907471 -0.4539624723848647
  
  
0 0.005470405762322448 0.05119756437805271
0 -0.8012502685679896 -0.5380522374471289
0 -0.7994853140271951 -0.5365238845076471
  
  
0 0.005279512901435342 0.05173644989133656
0 -0.738392506521501 -0.6153662173591119
0 -0.7367941046282194 -0.6141948605523005
  
  
0 0.005065991473923625 0.05225502342092005
0 -0.6680847892411206 -0.6860006325656679
0 -0.6665704378547924 -0.6846333710188209
  
  
0 0.004831950558835415 0.05275120434782632
0 -0.591025585584097 -0.7492451520078891
0 -0.5891838400912438 -0.7478276661449758
  
  
0 0.004579845976489238 0.05322285270233481
0 -0.508004763853111 -0.8044333907619414
0 -0.5069644575698433 -0.8034195254351352
  
  
0 0.004312096219881051 0.05366850407413835
0 -0.4198532498423994 -0.8510528957767939
0 -0.4179046041603025 -0.8494874348548929
  
  
0 0.004031548871454613 0.05408648341383283
0 -0.3274560351609386 -0.8885731816804526
0 -0.3272098911301233 -0.8884729647059667
  
  
0 0.003740808169536009 0.05447596077116718
0 -0.2317432720079693 -0.9167045465825927
0 -0.2298473922177465 -0.9151122100051633
  
  
0 0.003442885278085415 0.0548359249990424
0 -0.1336393605251331 -0.9350855057596539
0 -0.1322485543207284 -0.9341045370728166
  
  
0 0.003140863519656334 0.05516571045331419
0 -0.03419456844483911 -0.9435654167029124
0 -0.0325895762595794 -0.9421347478376899
  
  
0 0.002837695165703205 0.05546515256402808
0 0.06562764497867803 -0.9420442067494819
0 0.06745673948782129 -0.940641541517484
  
  
0 0.002536449347933041 0.05573426800252746
0 0.1648306875963834 -0.9305362573654787
0 0.1657456561671517 -0.9296197328659807
  
  
0 0.002240122709664987 0.05597342690416315
0 0.2623902564636836 -0.9091744362744738
0 0.2643384039031703 -0.907584622277653
  
  
0 0.001951700491838265 0.05618326437817485
0 0.3573709270057933 -0.8781385710130005
0 0.3583980309426608 -0.8774676689369371
  
  
0 0.001673949546963946 0.05636479881018281
0 0.4488183146691671 -0.8377583958075399
0 0.4505272710571608 -0.8362609769511747
  
  
0 0.001409926373668628 0.05651907943636579
0 0.5357529124223755 -0.7884450406498357
0 0.537537542293786 -0.7870914815411746
  
  
0 0.001162129510230014 0.05664770462693365
0 0.6173557226284481 -0.7306816367904165
0 0.6183059968999226 -0.7297354717439679
  
  
0 0.0009329275594168732 0.05675247640282789
0 0.6928135142726667 -0.6650258916266465
0 0.694753993671257 -0.6634312348723439
  
  
0 0.0007249169958352356 0.05683525596843735
0 0.7613145463272898 -0.5921970800366041
0 0.7625233833419691 -0.5913758553686345
  
  
0 0.0005399248968145736 0.05689836706886253
0 0.822222423844142 -0.5128801967681584
0 0.823833287940608 -0.5114452253470347
  
  
0 0.0003797974329609904 0.056944207650162
0 0.874944632944347 -0.4278232794785282
0 0.8768288704541023 -0.4263560227270853
  
  
0 0.000246295394991327 0.05697531382162462
0 0.9189222912553854 -0.3379565520130028
0 0.9192359795504738 -0.3375660664976682
  
  
0 0.0001405970223678133 0.05699445060319179
0 0.9537071366796344 -0.2441087531690141
0 0.9555558809227438 -0.242536586243199
  
  
0 6.388883207881595e-05 0.05700444024838416
0 0.9789670949937513 -0.1472777665527858
0 0.9806454848862327 -0.146030785641299
  
  
0 1.688596625972813e-05 0.05700823206751297
0 0.9944515013540467 -0.0484204169697186
0 0.9955008021345697 -0.0473978107932129
  
  
0 4.578534601712844e-08 0.05700882642981744
0 0.999985708497608 0.05151097857508898
0 1.001921328703351 0.05310518709399657
  
  
0 1.354932651869203e-05 0.05700925421240822
0 0.9955457849162904 0.1514889834819948
0 0.9969545603591414 0.1524868434430399
  
  
0 5.725764138888536e-05 0.05701254887325329
0 0.98115446263766 0.2505185064223701
0 0.9825127215944627 0.2517750492761399
  
  
0 0.0001307588897079989 0.05702171885758185
0 0.9569453757216736 0.347641660843782
0 0.9588914358874897 0.3492162359758667
  
  
0 0.0002332582613086608 0.0570397022730502
0 0.9232041785714336 0.4418323952964986
0 0.9244108912943764 0.4426565262750718
  
  
0 0.0003637783180753326 0.05706936415705245
0 0.8802242919638983 0.5321779490456559
0 0.8816974603733957 0.5335163288726165
  
  
0 0.0005210311051486192 0.05711345400442788
0 0.8284395993299523 0.6177951857584424
0 0.8303809962794836 0.6193550319838412
  
  
0 0.0007033623699771721 0.05717454578221495
0 0.7684125096401279 0.6977965626041331
0 0.7695703000875536 0.698580195887054
  
  
0 0.0009089816303765453 0.05725507394148609
0 0.7007039464445867 0.7713779664707947
0 0.7021764943370742 0.7727160437074867
  
  
0 0.001135932584597371 0.05735731912244563
0 0.6259695479925119 0.8378527885370615
0 0.6279127412397737 0.8394213676449296
  
  
0 0.001381806204936497 0.05748324092292361
0 0.5450180398657207 0.896520152185477
0 0.5463155531640828 0.8974224917483239
  
  
0 0.001644219226782473 0.05763465951347402
0 0.4586126403221776 0.9467919327210289
0 0.4599149257211722 0.9480075791839903
  
  
0 0.001920500036930059 0.05781307857841213
0 0.3676333068779731 0.9881676199918946
0 0.3695687145044994 0.9897587079220329
  
  
0 0.002207855910636283 0.05801973391528251
0 0.2730196516930469 1.02024401777608
0 0.2745711968953088 1.021372962284639
  
  
0 0.002503400975618908 0.05825558644554017
0 0.1757121357714253 1.042690660383367
0 0.1766653261422339 1.043636902517324
  
  
0 0.002804364862933199 0.05852148605403413
0 0.07660200680756457 1.055285917287738
0 0.07846261201296281 1.056862591985579
  
  
0 0.003107442173068773 0.05881756285186707
0 -0.02319219662708094 1.05791145792503
0 -0.02139414019597794 1.059283819153352
  
  
0 0.003409599889576348 0.05914386405829911
0 -0.1226640763290077 1.050558506303234
0 -0.1225313672739847 1.050592465142955
  
  
0 0.003708155727246934 0.05950055938184704
0 -0.2209886156124156 1.033240892315368
0 -0.2193481191786968 1.034694941023113
  
  
0 0.003999812673164764 0.05988678870256021
0 -0.3170267547450745 1.006192440613062
0 -0.3150921332316294 1.00774198761058
  
  
0 0.004281662817286979 0.06030173003408741
0 -0.4098252067575446 0.9696823578072939
0 -0.4084647841766575 0.9706360259901211
  
  
0 0.004550926146297708 0.06074433298736436
0 -0.4984826620847393 0.9240576162250013
0 -0.4974097309126202 0.925101633370452
  
  
0 0.004804915372385552 0.06121324192908274
0 -0.5821238823596419 0.8697757955951112
0 -0.5802628461357301 0.8713523402227239
  
  
0 0.005041094298965298 0.06170685479385595
0 -0.6598908820829054 0.8073884188151911
0 -0.6580446680297805 0.808813959108758
  
  
0 0.005256919792406758 0.06222287814769435
0 -0.7309442309116092 0.7375758406467119
0 -0.7300837749330136 0.7381140113207277
  
  
0 0.005450487517651276 0.06275983464408046
0 -0.7946867696440227 0.6609232457305737
0 -0.7933299654023263 0.6621818988670105
  
  
0 0.005619575010164695 0.06331461767514641
0 -0.8503693907601599 0.5783356636578463
0 -0.848455077974258 0.5799262993585527
  
  
0 0.00576268044738579 0.06388531853463528
0 -0.8974883529768393 0.4905572101440857
0 -0.8957132015189437 0.4919047036670949
  
  
0 0.005878247420045576 0.06446880074571711
0 -0.9355276220175122 0.3985432695735805
0 -0.9348798376770285 0.3989198155060077
  
  
0 0.00596519034686952 0.06506262955232052
0 -0.9641648711930849 0.3031296995291741
0 -0.9627495484164547 0.3044292048359903
  
  
0 0.006022609196840023 0.06566392245149469
0 -0.9830772481444116 0.2053017428428397
0 -0.9811743894061971 0.2068900406981099
  
  
0 0.006049881191501101 0.0662690847560824
0 -0.9920560813190477 0.1061418486289758
0 -0.9902418255478291 0.107533221812764
  
  
0 0.006046778452253912 0.06687543286980351
0 -0.9910239106030511 0.006593932975381046
0 -0.9900735255682754 0.007206525494464408
  
  
0 0.006013321239644416 0.06748010532508171
0 -0.9800105139292141 -0.09239186904140489
0 -0.9788026448087682 -0.09124713491791159
  
  
0 0.005949844107083877 0.06807990372440248
0 -0.959116897115768 -0.1897725540840525
0 -0.9572815064232876 -0.1882092980638873
  
  
0 0.005856972278926792 0.06867192757482085
0 -0.9285376791621681 -0.2845747284273701
0 -0.9266281470623999 -0.2830640256741696
  
  
0 0.005735650138622293 0.06925318342931361
0 -0.8885842751139817 -0.3758284110933044
0 -0.8871165751691604 -0.3747743392364833
  
  
0 0.005587162713179076 0.06982066333958455
0 -0.8396797044132595 -0.4625857262824809
0 -0.8391783767614734 -0.4620248197639612
  
  
0 0.005412861751216657 0.07037223569069045
0 -0.7822999049194468 -0.5440678752094287
0 -0.7807577421375891 -0.5426817843405176
  
  
0 0.005214662367303972 0.07090487933756268
0 -0.7170428439101012 -0.6193516689429217
0 -0.7151306911989284 -0.6177632886568926
  
  
0 0.004994358331552956 0.07141681220332324
0 -0.6445021677305733 -0.6877541881459953
0 -0.642644009779869 -0.6863092732576871
  
  
0 0.004754420027896293 0.07190534945840972
0 -0.5654906554719893 -0.7485067857423875
0 -0.5641638238073813 -0.7475774587855207
  
  
0 0.004497127262183055 0.07236895400380032
0 -0.4807624263406985 -0.8010483442651616
0 -0.4801617070653846 -0.8003987992069967
  
  
0 0.00422501366407833 0.07280609172382724
0 -0.3911742081719775 -0.8448647123714998
0 -0.3896497179124485 -0.8434896541830693
  
  
0 0.003940901911362231 0.07321527183622062
0 -0.2976284916516175 -0.8794795219647843
0 -0.2957415245319692 -0.8778961729677518
  
  
0 0.003647533278890469 0.07359558721406793
0 -0.2010305338933209 -0.9045572782905414
0 -0.199126411101761 -0.9030518213418084
  
  
0 0.003348102179630324 0.07394596233775802
0 -0.1024320358309116 -0.919827473350323
0 -0.1008668145356375 -0.9186841749307108
  
  
0 0.00304541879624886 0.07426618084530244
0 -0.002754919171443933 -0.9251497554707834
0 -0.002163209045538371 -0.9248135203325645
  
  
0 0.002742495171232996 0.07455608791772506
0 0.09698300625069896 -0.9204889552294164
0 0.09810297337318893 -0.9194091026676198
  
  
0 0.002442424740511673 0.07481576022268273
0 0.1957810365846204 -0.9058645928229457
0 0.1974635063359338 -0.9043847377733512
  
  
0 0.00214815870081655 0.07504568126854802
0 0.2926719351152581 -0.8814154897011783
0 0.2945809145328155 -0.879828832927715
  
  
0 0.001862956503869902 0.07524637043612625
0 0.3865814151592104 -0.8474209783037693
0 0.3884662338526855 -0.8459426337616215
  
  
0 0.001589224952184853 0.07541918186090699
0 0.4767170186791616 -0.8041678087865936
0 0.4783241021020677 -0.8029865664799463
  
  
0 0.001330091779414145 0.07556517924225994
0 0.5620512183006484 -0.7521449247538499
0 0.5629342076766932 -0.7515882392147415
  
  
0 0.001087883941092553 0.07568610124249109
0 0.6418045793198031 -0.6918372180915222
0 0.6426032688700725 -0.6910146795958623
  
  
0 0.0008651295945923969 0.07578371811989018
0 0.7151433512082229 -0.6238575273276882
0 0.7166041022451546 -0.6225242756613117
  
  
0 0.0006640594417260493 0.07586009380369364
0 0.7813461052391735 -0.5488781246262678
0 0.783141690718456 -0.5473341264902858
  
  
0 0.0004866937562783402 0.07591750221055568
0 0.8397461267157391 -0.4676525412811346
0 0.8416719885022115 -0.4660721296566019
  
  
0 0.0003348519648070569 0.0759583992149041
0 0.8897440203643886 -0.3810220102670612
0 0.8916209216196374 -0.3795534550896414
  
  
0 0.0002099313009466275 0.07598544611514006
0 0.9308795850385748 -0.2897771619229824
0 0.932539025345921 -0.2885442955747746
  
  
0 0.0001133015342296556 0.07600138345542655
0 0.9627028002724334 -0.1949120584359251
0 0.9638936473823679 -0.1941020759193566
  
  
0 4.587376582731235e-05 0.07600910254024286
0 0.9849181853975365 -0.09733856856755137
0 0.9850183237887165 -0.09716756101923985
  
  
0 8.313902919347471e-06 0.0760115634989517
0 0.997274343513716 0.001984160222831397
0 0.998299095665338 0.00298789039223674
  
  
0 1.023989677465127e-06 0.07601177762553224
0 0.9996689224524451 0.1020131289899472
0 1.001168728791936 0.1033710905381333
  
  
0 2.408320259255017e-05 0.07601278262601448
0 0.9920731752480794 0.2018553157037999
0 0.9938181530621203 0.203370082730537
  
  
0 7.722317789861113e-05 0.07601760459183374
0 0.9745738349929619 0.3003634597479765
0 0.9764680303403411 0.3019454356740177
  
  
0 0.0001599446620456426 0.07602923545581389
0 0.9473355342306686 0.396657629872811
0 0.9492631152001316 0.3982151110065312
  
  
0 0.0002714152896900989 0.07605059785241546
0 0.9106320697505298 0.4897529329018196
0 0.9125000286042386 0.4912134873976601
  
  
0 0.000410505988538247 0.07608451401126642
0 0.8648352107586972 0.578708761095174
0 0.8665507888021816 0.5800014582948764
  
  
0 0.0005757738926665138 0.07613366594411607
0 0.8104204449171512 0.6626167868753053
0 0.8118587184331506 0.6636464550439445
  
  
0 0.0007656577478354127 0.07620062686351191
0 0.7479019559628401 0.7406875249397791
0 0.7489293047570814 0.7413653833424561
  
  
0 0.0009782336090029694 0.07628776237239052
0 0.6779158159881046 0.812125018070753
0 0.6781876495307239 0.8122423971213955
  
  
0 0.001211366243355617 0.0763972396583021
0 0.6011463197498514 0.8761940567219233
0 0.6018593890459422 0.8769402989848067
  
  
0 0.001462713768070024 0.07653100107835162
0 0.5183794888937128 0.9322699997028894
0 0.5195071688825502 0.9333533882870051
  
  
0 0.00172980469454834 0.07669077834976065
0 0.4304306060035571 0.9797979966023317
0 0.4318239848850776 0.9810807796957562
  
  
0 0.002009933846057234 0.07687800349605209
0 0.3381895660720379 1.018293573336988
0 0.3397690736850774 1.019705799416606
  
  
0 0.002300073239398856 0.07709367669013112
0 0.2426527392659568 1.047352090306413
0 0.2443930487273387 1.048864740032348
  
  
0 0.002597824096602652 0.07733907327544412
0 0.1446107152781136 1.066729551090554
0 0.1464258800693067 1.068282012124976
  
  
0 0.002899558954460553 0.0776142457513648
0 0.04525690589812022 1.076191537751188
0 0.04714399579833733 1.077771150730116
  
  
0 0.00320284841429246 0.07792001820598948
0 -0.05460823668856216 1.075666765463015
0 -0.05269470884896663 1.077246763591221
  
  
0 0.003504196996277791 0.0782559256971406
0 -0.1538341112480145 1.065158393444764
0 -0.1519097982297003 1.066721381022003
  
  
0 0.00380086254450271 0.07862194755818976
0 -0.2515177661796333 1.044767484043863
0 -0.2496012422877765 1.046303780758148
  
  
0 0.004089698234561611 0.07901725606305236
0 -0.3466230808988145 1.014710175473728
0 -0.3447295098954847 1.016207159654198
  
  
0 0.004367968677780665 0.07944116703865617
0 -0.4382495113551623 0.9752703297289304
0 -0.4363822626023233 0.9767311761886156
  
  
0 0.004632654090101715 0.07989212470245954
0 -0.5254025732929148 0.9268791566945546
0 -0.523577573626551 0.9282885444657281
  
  
0 0.0048813442053048 0.08036908011298885
0 -0.6072889672249951 0.8699774997710199
0 -0.6054946927324624 0.8713520852554496
  
  
0 0.005111315058949259 0.08086987241864703
0 -0.6830114792263499 0.8051882283663506
0 -0.6812600343689837 0.8065165805204514
  
  
0 0.005320441555227578 0.08139293614861387
0 -0.7518707743572072 0.7331098108248476
0 -0.7501414096640193 0.7344151513510419
  
  
0 0.00550644750881705 0.08193564308672949
0 -0.8131170009511026 0.654526762598485
0 -0.8114190801473994 0.6558000591788802
  
  
0 0.005667536133848326 0.08249575447486104
0 -0.8661587012653136 0.5702091187859194
0 -0.8644872987626834 0.5714560270552994
  
  
0 0.005802136634207663 0.08307091742521303
0 -0.9104789127974331 0.4809710197986881
0 -0.9088079950623388 0.4822177507075543
  
  
0 0.005908768551598274 0.08365780237570644
0 -0.9455895541719004 0.3878063110197952
0 -0.943942948233517 0.3890293848182904
  
  
0 0.005986486624613568 0.08425421101347896
0 -0.971180064560171 0.2915506395793477
0 -0.9695251604119136 0.2927822917124607
  
  
0 0.006034460396235068 0.08485706397641014
0 -0.9869768430168319 0.1931946816309695
0 -0.9852937077511885 0.1944548267021095
  
  
0 0.006052185049148682 0.08546297846986767
0 -0.9928132950056842 0.0937913150108243
0 -0.9911125441611999 0.09506966307802783
  
  
0 0.006039501421744622 0.08606926207341441
0 -0.9886373317355842 -0.005714744386988348
0 -0.9869034200044613 -0.004401944350956632
  
  
0 0.005996537567775144 0.08667268175470901
0 -0.9744909285579952 -0.1042894026029416
0 -0.9727238406324693 -0.102941209140729
  
  
0 0.005923699984609068 0.08727046721528792
0 -0.9505080814801306 -0.2009789415221823
0 -0.9486956802943995 -0.1995804990189969
  
  
0 0.005821764705930737 0.08785930329768642
0 -0.9169440385163813 -0.2947507627743225
0 -0.9150970373995587 -0.2933113774877696
  
  
0 0.005691768743553618 0.08843638373953221
0 -0.8741403053753497 -0.3846709427663655
0 -0.8722656062085545 -0.3831959338280601
  
  
0 0.005534889019477234 0.08899944420898841
0 -0.8224845372023685 -0.4699073249571279
0 -0.8205785911408056 -0.4683846940106375
  
  
0 0.005352970095572764 0.08954496557059623
0 -0.7625837966570095 -0.5494639666408488
0 -0.760667719019782 -0.5479183994981662
  
  
0 0.005147554752499436 0.09007141484037763
0 -0.6949462125107186 -0.62267172686217
0 -0.6930301343024038 -0.6211022004733067
  
  
0 0.004920901287657034 0.09057601421764537
0 -0.6203152702264955 -0.6887158166246315
0 -0.6184182967408999 -0.6871390424593441
  
  
0 0.004675074088533719 0.091057194287088
0 -0.5393704934165239 -0.7469872624316783
0 -0.5375299536732202 -0.7454257527308977
  
  
0 0.004412836752601777 0.09151259772181514
0 -0.4530220355175126 -0.7968290587295846
0 -0.4512607040786335 -0.7953060687242139
  
  
0 0.00413666932468678 0.09194101283606328
0 -0.3620862648794833 -0.8377772232201871
0 -0.3604467581067132 -0.8363264648604322
  
  
0 0.003849414252355446 0.09234108879017955
0 -0.2674991200848673 -0.8694105624479466
0 -0.2660241108747898 -0.8680692904536894
  
  
0 0.003553824443693179 0.09271203495242406
0 -0.1701664663435345 -0.8914221460258397
0 -0.1689471530825044 -0.8902667299199517
  
  
0 0.003252984638404256 0.09305301975376655
0 -0.07110382753323505 -0.9035777694067247
0 -0.07024745421546126 -0.90270885936083
  
  
0 0.00294990813642528 0.09336368680289334
0 0.02869823933818176 -0.9057552361986075
0 0.02894987996710106 -0.9054248334315848
  
  
0 0.002647565943915949 0.09364403532135047
0 0.1282437791815427 -0.8979427351648255
0 0.1291005010291674 -0.8974039146687173
  
  
0 0.002349044323243462 0.09389424485965595
0 0.2265329602230011 -0.8802095938564796
0 0.2278593536820173 -0.8792805139309864
  
  
0 0.002057262740184529 0.09411490712876278
0 0.3226047444026028 -0.8527208380927949
0 0.324243962334914 -0.8515031669963591
  
  
0 0.001775343637563734 0.09430671287748649
0 0.4154307526855476 -0.8157720737765163
0 0.4172460642799684 -0.8143696224406339
  
  
0 0.001505891388692376 0.09447093830504372
0 0.5041528072289488 -0.769704975432309
0 0.5060591789061808 -0.7681771053381858
  
  
0 0.001251769408833141 0.09460887852956434
0 0.587828229745722 -0.7150054363840642
0 0.5897270791472824 -0.7134314303067385
  
  
0 0.001015514134616144 0.09472221119937295
0 0.6656217693930565 -0.6522267010820216
0 0.667420464959058 -0.6506838569878424
  
  
0 0.0007993760200751052 0.09481289789456182
0 0.7367927742834777 -0.5819650887830337
0 0.7383691100883676 -0.5805535514034581
  
  
0 0.0006055773501095707 0.09488304147237217
0 0.8006100372980514 -0.5049355355362797
0 0.8017983241916632 -0.5038018179731488
  
  
0 0.0004360813715860037 0.09493497312577318
0 0.8564286881674897 -0.4219177356122152
0 0.8569341597401821 -0.421348351643856
  
  
0 0.0002925293956647004 0.09497122839775997
0 0.9036907765920283 -0.333722248864416
0 0.9046560691365745 -0.333097332471783
  
  
0 0.000176395453586426 0.09499447156022051
0 0.9419235055231054 -0.2412421641674394
0 0.9434602660291032 -0.2401221745579502
  
  
0 8.884777968910593e-05 0.09500750837843856
0 0.9707470426556448 -0.1453952764250331
0 0.9725700633176801 -0.1439826202162842
  
  
0 3.079662467721816e-05 0.09501324562220892
0 0.9898605986138058 -0.04721090857446777
0 0.9917724183821489 -0.04566350206887177
  
  
0 2.74513027147828e-06 0.09501467206510034
0 0.9990980630841343 0.05245397669741797
0 1.000937310131742 0.05401322001848878
  
  
0 5.020244257635115e-06 0.09501480742915644
0 0.9983523643740617 0.1525633486128612
0 0.9999098005103663 0.1539601478190886
  
  
0 3.757589628032825e-05 0.09501668810885303
0 0.9876390044609267 0.2520364977906671
0 0.9886781171773584 0.253051345471659
  
  
0 0.0001000942072515165 0.09502333243542989
0 0.9670605355539909 0.3499666432731388
0 0.9675185428427678 0.3502090771280458
  
  
0 0.0001919604034166567 0.09503771333619372
0 0.9367998395900992 0.4453440393569146
0 0.9382183192344693 0.4463585887678839
  
  
0 0.0003122601415731481 0.09506272743398177
0 0.897183708187662 0.5372334656237846
0 0.8989928070936634 0.5386327673620596
  
  
0 0.0004597996019228982 0.09510116784348671
0 0.8486018356677877 0.6247152261950137
0 0.8505105695217958 0.6262783622545095
  
  
0 0.0006331065637051707 0.09515569409902329
0 0.7915387175399479 0.7069118061997649
0 0.7932779371216914 0.7084210804021975
  
  
0 0.0008303183451108829 0.09522875369507171
0 0.7266079204142777 0.7829537886446223
0 0.7278890174258345 0.7841537724665676
  
  
0 0.001049541807074876 0.09532267497760019
0 0.6544371184918185 0.852130762210233
0 0.6546172283266237 0.8523867408085924
  
  
0 0.001288733457920529 0.09543963325049629
0 0.5756629624808826 0.9137597298298266
0 0.5770717468971411 0.9147664308012886
  
  
0 0.001545311016222263 0.09558141490682
0 0.4911738706800001 0.9671948062932482
0 0.493010046919958 0.9686272823590641
  
  
0 0.001816753675906897 0.09574966408938197
0 0.4017946641780438 1.011916473534102
0 0.4036846366810188 1.013487087938776
  
  
0 0.002100376253116831 0.09594576295162939
0 0.3084091926930326 1.047482189189348
0 0.3100045622209853 1.048904426902626
  
  
0 0.002393192890005929 0.09617068235474976
0 0.212002026980171 1.07352495541155
0 0.2128386230153921 1.074377242245664
  
  
0 0.002692459304216871 0.09642535605743131
0 0.1134582377598516 1.089792628439606
0 0.1145941216608999 1.090560772097847
  
  
0 0.002995076068416112 0.09671020083468794
0 0.01380713314604217 1.096112285353464
0 0.01558194982464461 1.097473706705945
  
  
0 0.003298037083493983 0.09702543458349597
0 -0.08595105046729221 1.092435420294645
0 -0.08405221876918371 1.094002746689573
  
  
0 0.003598353749428846 0.09737101013296691
0 -0.1848332381722265 1.078795028490189
0 -0.1832441868816767 1.080214455228967
  
  
0 0.003892778229197403 0.09774622247482352
0 -0.2817681992223876 1.055347085648766
0 -0.2810711225090786 1.056084314185065
  
  
0 0.004178669699531987 0.09815075602417966
0 -0.3759122483160908 1.022286340541604
0 -0.3745663401745624 1.023233712832381
  
  
0 0.004453010452283505 0.09858343002168019
0 -0.4662513896062224 0.9799609615151103
0 -0.4643860396684052 0.9814307648541202
  
  
0 0.004712848986058484 0.09904259534548591
0 -0.551808629942902 0.9288474762501137
0 -0.5499755738595095 0.930403591101011
  
  
0 0.004955869665005198 0.09952719025943739
0 -0.6318218118012695 0.8694077989800854
0 -0.6305467460683344 0.8706073761824618
  
  
0 0.005179488843641254 0.1000351413795543
0 -0.7054472148568548 0.8022690475005312
0 -0.7046810560524093 0.8027366337095541
  
  
0 0.005381550708923254 0.1005646267064542
0 -0.7719924935053192 0.7280521036442039
0 -0.7702494165027042 0.7293783125537361
  
  
0 0.005559933964250222 0.1011131728161895
0 -0.8307309090383553 0.6475587747650422
0 -0.8288442469885895 0.6491264794873272
  
  
0 0.005712817703723195 0.1016781853300789
0 -0.8810659966849235 0.5616197799278526
0 -0.8796138830262061 0.5629462764641262
  
  
0 0.005838742006830288 0.1022573103677268
0 -0.9225173483945134 0.471064216271238
0 -0.9220530175792664 0.4713092068279266
  
  
0 0.005936413351045069 0.1028477187537854
0 -0.954692980530911 0.376776871545986
0 -0.9529840393559326 0.3780683230813941
  
  
0 0.006004852480644584 0.1034466695682588
0 -0.9772302006604116 0.2797195635821495
0 -0.9753480720893634 0.2812864981209311
  
  
0 0.006043317119994488 0.1040506074767515
0 -0.9898894074759425 0.1809634917335166
0 -0.9885107451539892 0.1822365018878092
  
  
0 0.006051473446905783 0.1046568176362571
0 -0.9925676361531026 0.08145402107184797
0 -0.9917983365022102 0.08192674152186477
  
  
0 0.006029225564755688 0.1052626403334681
0 -0.9852545409062559 -0.0178960253819912
0 -0.9834578929999258 -0.01650824613795755
  
  
0 0.005976801383969743 0.1058645681806437
0 -0.9679931105161758 -0.1159785541861773
0 -0.9661635790615056 -0.1144258643021213
  
  
0 0.005894709323525917 0.106459851219352
0 -0.9409528430093277 -0.2118462305499665
0 -0.9399133649179073 -0.210831259336957
  
  
0 0.005783794281672843 0.1070453894090894
0 -0.904435431119312 -0.3045200210347049
0 -0.9030807653761949 -0.3035606217523584
  
  
0 0.005645182188813623 0.1076183416428016
0 -0.858800919543331 -0.3930670981789272
0 -0.8569035185824987 -0.3915381775053386
  
  
0 0.005480280985420206 0.1081759866205561
0 -0.8044997516279399 -0.476578022176242
0 -0.8029116362214506 -0.4751619578126166
  
  
0 0.005290727105464197 0.108715859413664
0 -0.7420703928320481 -0.5542198746315913
0 -0.7416737019406399 -0.5540190999079133
  
  
0 0.005078312697608637 0.109235837351936
0 -0.672145177374332 -0.6252858067683446
0 -0.6703558240346473 -0.6239040521426575
  
  
0 0.004845453314737908 0.1097330847029573
0 -0.5954711847807733 -0.6889290602227677
0 -0.5936691999778376 -0.6873884059055777
  
  
0 0.004594268432056539 0.1102061758491392
0 -0.5127505163165806 -0.744579570144894
0 -0.5119698137919808 -0.7437748474397127
  
  
0 0.004327287590442136 0.1106533578362639
0 -0.4248511678327376 -0.7916911459650863
0 -0.4232455931732197 -0.7904992752331049
  
  
0 0.004047168182145704 0.1110731970200693
0 -0.3326187777461472 -0.8297712819496227
0 -0.3307526732614253 -0.8282077250349292
  
  
0 0.003757022545962939 0.1114641138827982
0 -0.2370722225942869 -0.8583925630090149
0 -0.235996707660134 -0.8573476427529219
  
  
0 0.00345946396711963 0.1118256664409482
0 -0.1390992790460952 -0.8773200641215168
0 -0.1376251347201764 -0.8762532232121427
  
  
0 0.003157582725122778 0.1121571338346852
0 -0.03970321011248495 -0.8863508264165396
0 -0.03781337266427245 -0.8847886033099078
  
  
0 0.00285442931388727 0.1124582223617312
0 0.0601253528297893 -0.8853773438329927
0 0.06131426000476459 -0.8842435121369558
  
  
0 0.002552916560776567 0.112729077138036
0 0.159402045957779 -0.8744193927135583
0 0.1608459823499085 -0.8733813852709273
  
  
0 0.00225622848210041 0.1129698796151624
0 0.257087815648799 -0.8535927137885182
0 0.2589748905430392 -0.8520304006948246
  
  
0 0.001967360985872882 0.1131812614930896
0 0.3522131553360577 -0.8230937005444999
0 0.3533391382671965 -0.8220071814641294
  
  
0 0.001689032277497034 0.1133642761134611
0 0.4438542671936473 -0.7832249909165286
0 0.445376241053512 -0.782115497533562
  
  
0 0.001424175542554906 0.113520032397178
0 0.5310600738874195 -0.7344013535907454
0 0.532925291346401 -0.7328391107543408
  
  
0 0.001175388759322728 0.1136500487612014
0 0.6129909677182663 -0.6770829853583205
0 0.6138469599848998 -0.6762116174702796
  
  
0 0.0009450853364532651 0.1137560963371892
0 0.6888132054355288 -0.6118432015772058
0 0.6905147901922836 -0.6105575378054923
  
  
0 0.000735830670613193 0.1138400421667856
0 0.7577140546171924 -0.5393982075362297
0 0.759490960328805 -0.5378693379795249
  
  
0 0.0005495141180322895 0.1139041799974691
0 0.8190832577034201 -0.4603964031498264
0 0.8191921311993977 -0.4602139629907472
  
  
0 0.0003879355099258002 0.1139509179690976
0 0.872265414334943 -0.3756309955848482
0 0.8741147855751648 -0.3741763808132563
  
  
0 0.0002529200802581103 0.1139827674871401
0 0.9167261150480299 -0.2860090392101965
0 0.9182587728291403 -0.2846277166715777
  
  
0 0.0001457104874244575 0.1140024819946552
0 0.9520315036933258 -0.1923854558947753
0 0.953216256551815 -0.1915757438186227
  
  
0 6.73596051569252e-05 0.1140129038697193
0 0.9778216853670575 -0.09568786276517975
0 0.9797118578045561 -0.09413093440438394
  
  
0 1.869758443905818e-05 0.1140169605209016
0 0.9938560410932349 0.003093972502300919
0 0.9948187102186101 0.004049698979025253
  
  
0 1.838657049714669e-07 0.1140176525612688
0 0.9999428984573207 0.1030038796744535
0 1.001660511348647 0.1043085630351408
  
  
0 1.201775802099213e-05 0.1140180104910214
0 0.9960466362061621 0.2030036758694187
0 0.9977387393873348 0.2044846268245427
  
  
0 5.405364121268356e-05 0.1140210670500682
0 0.9822152210199577 0.3020938154017671
0 0.9830998844387231 0.3026585982427444
  
  
0 0.0001259415961828918 0.1140298368201926
0 0.958532213847216 0.3993625052561161
0 0.9604260073565214 0.4009101126364098
  
  
0 0.000226832696072767 0.1140472523701257
0 0.9253222090238156 0.4937104259125759
0 0.9263426176347141 0.4947105187275987
  
  
0 0.0003558639374299669 0.1140762020721046
0 0.8828270985222706 0.5843151117389873
0 0.8845612702670094 0.5856392841784849
  
  
0 0.0005116351870410878 0.1141194126857462
0 0.8315372124723802 0.6701958084331266
0 0.8331669064424099 0.6716381867023119
  
  
0 0.0006926218463252781 0.1141794965999031
0 0.7719485848379014 0.7505289666226911
0 0.7731459231771146 0.7513533326565518
  
  
0 0.0008971666047798755 0.114258955319649
0 0.7045896205395208 0.8245373044378961
0 0.7064468540006061 0.8260953401423552
  
  
0 0.001122821134671018 0.114359869201344
0 0.6303062436130861 0.891385887304925
0 0.6306522834081938 0.8918058222342801
  
  
0 0.001367791049629577 0.1144844735252322
0 0.5496258003443214 0.9504998320007425
0 0.5515013333448482 0.9519988086971888
  
  
0 0.001629297588797334 0.1146344063116123
0 0.4635275712010958 1.001245900273208
0 0.4646945296110593 1.002361028788318
  
  
0 0.001904922427372379 0.1148113222457912
0 0.3727650853681864 1.043133357666081
0 0.3744950410597906 1.044453768794658
  
  
0 0.002191634888716991 0.1150163101587542
0 0.2783605255918869 1.075716373226584
0 0.2799333649572081 1.077123424214317
  
  
0 0.002486868697862775 0.1152505746430026
0 0.1811499914097016 1.098711470565394
0 0.1825764298396071 1.099736594594293
  
  
0 0.002787503435620073 0.1155146973973254
0 0.08215509248248547 1.111854882834934
0 0.08392667373703626 1.113379883478701
  
  
0 0.003090570744162698 0.115809116468059
0 -0.0176272466401949 1.115045877405399
0 -0.01662173639022995 1.115707369522571
  
  
0 0.003393103363821677 0.1161340150470603
0 -0.1172532272013248 1.108210889821768
0 -0.1153968168138334 1.1097680729977
  
  
0 0.003691736117395266 0.1164888049946338
0 -0.2155661575054713 1.091483533330175
0 -0.2152336454963363 1.091638807758682
  
  
0 0.003983928068210008 0.1168735178311215
0 -0.31179582679288 1.064945794581315
0 -0.3099077793509638 1.066493504674977
  
  
0 0.00426635008165118 0.1172868305848935
0 -0.4047728531955669 1.028961174668777
0 -0.4042573532238805 1.029540742649668
  
  
0 0.004536511771277512 0.1177281576299941
0 -0.4937462971065704 0.9837951467553239
0 -0.4918616206150743 0.9853155793326611
  
  
0 0.004791319628659516 0.1181954909707463
0 -0.577634312438836 0.9300107014572869
0 -0.5768294958965136 0.9308400368198591
  
  
0 0.00502850170380214 0.118687685382318
0 -0.6557447173678143 0.868059506937452
0 -0.6538797757836434 0.8695426514885569
  
  
0 0.00524556589260794 0.1192026509635196
0 -0.7272068789074511 0.7986188283778031
0 -0.7262501592163829 0.799572341482259
  
  
0 0.00544036842890185 0.1197383663981945
0 -0.7913608654591423 0.722347067724855
0 -0.7895089872958581 0.7238109695049086
  
  
0 0.005610912022108435 0.1202924097085568
0 -0.8475056503881682 0.6400496536966618
0 -0.846515431069745 0.6410295279246065
  
  
0 0.005755491229814586 0.1208623007178691
0 -0.8951220917474318 0.5525265544681256
0 -0.893269042650396 0.5539925908583984
  
  
0 0.005872601640449782 0.1214451045903555
0 -0.9336726092590949 0.4607243905195921
0 -0.9326976399563958 0.4616913467604829
  
  
0 0.005961178635456556 0.1220386545344541
0 -0.9628494087479238 0.3654423301596155
0 -0.9609840329405848 0.3669276752063077
  
  
0 0.006020199995538415 0.1226391227433445
0 -0.9822710711466599 0.2678134429946928
0 -0.9814265433680783 0.268673484367678
  
  
0 0.006049162906516567 0.1232442795464351
0 -0.9918203389852658 0.1686701257874565
0 -0.9899429612716338 0.1701777141106106
  
  
0 0.006047744934464 0.1238507234617793
0 -0.9913377388162 0.06910547936167453
0 -0.990749135721264 0.069747103210861
  
  
0 0.006015945019780677 0.1244557865062741
0 -0.9808827096588333 -0.02997862738564869
0 -0.9789970489295992 -0.02843697051249394
  
  
0 0.005954131172057004 0.1250557231779855
0 -0.9605080966868644 -0.1274163645009273
0 -0.9603481622326786 -0.127366184838874
  
  
0 0.005862859204762472 0.125648281291566
0 -0.9304755182664975 -0.2224094819352913
0 -0.9286121613283772 -0.2208549305935933
  
  
0 0.005743110679257056 0.1262300764170566
0 -0.8910342762981304 -0.313857221917242
0 -0.8901040640204666 -0.313254143978079
  
  
0 0.005595977199103729 0.1267987999511956
0 -0.8425975232664741 -0.4009661302449103
0 -0.8408278191982951 -0.3994443172412808
  
  
0 0.005423176938945189 0.1273509315616161
0 -0.7856943450113242 -0.4826884592934471
0 -0.7843217274916272 -0.4817092211225043
  
  
0 0.005226186610073476 0.1278848532215226
0 -0.720833536003411 -0.5583618592219594
0 -0.7192432991655249 -0.5569449311886497
  
  
0 0.005007163724399319 0.1283977296218086
0 -0.6487164828072507 -0.6271293345369694
0 -0.6470344860376857 -0.6258558505772126
  
  
0 0.004768146066861058 0.1288878316462975
0 -0.5700087851143465 -0.6883542376811964
0 -0.5688030141553152 -0.6872096791122123
  
  
0 0.00451177977226208 0.1293527993020086
0 -0.4856023725411698 -0.7413651810536591
0 -0.48374742281706 -0.7398909088152575
  
  
0 0.004240441210636903 0.1297914021319334
0 -0.3962410692539805 -0.7856537262351755
0 -0.3957838616360567 -0.7851296756691164
  
  
0 0.003956754137775502 0.1302023914578334
0 -0.3028478177864165 -0.8208158756498829
0 -0.3009914708580548 -0.8192627853229995
  
  
0 0.003664053484836248 0.1305840218462785
0 -0.2064608089682542 -0.846399231941936
0 -0.2053258901875261 -0.8456279423754873
  
  
0 0.003364691755748522 0.1309362894122505
0 -0.1078953427054579 -0.8622392815843357
0 -0.1062629091233938 -0.8607941831511838
  
  
0 0.003062105182735255 0.131258178207645
0 -0.008262816238277121 -0.8681191292365891
0 -0.006560379075662328 -0.8668252756123948
  
  
0 0.002759175884314114 0.131549697436027
0 0.09149119655186068 -0.8639981298583798
0 0.09255475743152744 -0.8629605007212674
  
  
0 0.002458902393679611 0.1318110029612067
0 0.1903529882355431 -0.8499241140265493
0 0.1922335569859314 -0.848395354320687
  
  
0 0.002164341650616312 0.1320424761142446
0 0.2873568876780598 -0.8260095068141596
0 0.2881536849804598 -0.8255153834591453
  
  
0 0.001878326817680744 0.1322449231409203
0 0.3815226565735326 -0.7925198069057989
0 0.3832219619854091 -0.7910342568377829
  
  
0 0.001603997544509212 0.1324191710032935
0 0.4718519746494616 -0.7497838273726327
0 0.473527879384595 -0.7485185916274385
  
  
0 0.001343999536159915 0.1325666046375471
0 0.5574698239542344 -0.6982392044531152
0 0.5585132965464991 -0.6972161876846493
  
  
0 0.00110076644493829 0.1326888794307343
0 0.6375495707923464 -0.6383719136750453
0 0.6394281805279427 -0.6368307927243662
  
  
0 0.0008768987453912282 0.1327877224364692
0 0.7112725185420775 -0.5707895956692925
0 0.7123702426328794 -0.570052314673866
  
  
0 0.0006745500951911887 0.1328652237608214
0 0.7778947447524989 -0.4961733528529404
0 0.7794505553020006 -0.4947765225838827
  
  
0 0.000495855392212502 0.1329236076765345
0 0.8367308274948028 -0.4152849887984832
0 0.8385439269720871 -0.4138667936675703
  
  
0 0.0003425572317251222 0.1329653511864784
0 0.887226214956789 -0.3289180173341179
0 0.8875168486315914 -0.3285477287660745
  
  
0 0.0002160838192320048 0.1329930986147061
0 0.9288523674504106 -0.2378987120138955
0 0.9306237408539648 -0.2363763899176302
  
  
0 0.0001178751615898645 0.1330095725233899
0 0.9611913005024529 -0.143216686792553
0 0.9628361323670996 -0.1419820120893221
  
  
0 4.881221723553212e-05 0.1330176686332335
0 0.9839407641826102 -0.04576160820314733
0 0.9848510867951842 -0.04484718278535742
  
  
0 9.603681416665033e-06 0.1330203406908467
0 0.9968395283041784 0.05345902418413526
0 0.9986955044742384 0.05500860769883436
  
  
0 6.355895825070261e-07 0.1330205998704525
0 0.9997972343515658 0.1535106212574725
0 1.00126236101384 0.1545736465385045
  
  
0 2.201189106524855e-05 0.1330214813939802
0 0.9927624772282513 0.2533565008613413
0 0.9939101958021943 0.2544574469996362
  
  
0 7.348853690733006e-05 0.133026012216617
0 0.9758038050391664 0.3519486407233947
0 0.9776769721570193 0.3534923022874945
  
  
0 0.0001546127445936054 0.1330371917343712
0 0.9490977888217943 0.4484255559650903
0 0.9504834847467855 0.4494172998695451
  
  
0 0.000264476528973218 0.1330579319641939
0 0.9129246117534555 0.5416865475926914
0 0.9141523178647595 0.5428475797153923
  
  
0 0.000402150709137963 0.1330911004734531
0 0.8675845130710895 0.6309391341803637
0 0.8694527471171047 0.6324853433931577
  
  
0 0.0005659786262652965 0.133139333242808
0 0.813646058139558 0.7151323061192033
0 0.8150594408253075 0.7161500385207598
  
  
0 0.0007545578061580557 0.1332052491611095
0 0.7515557832801841 0.7935453208655712
0 0.7526714593473506 0.7946206738975075
  
  
0 0.0009659305079493325 0.1332912102401735
0 0.6819476154744863 0.8653551597788669
0 0.6838012330167372 0.8669033727397557
  
  
0 0.001198022010531399 0.1333994177506848
0 0.6055296462275646 0.9298691413670598
0 0.6071094805474534 0.931043362819816
  
  
0 0.001448415871175281 0.133531786505411
0 0.523091981593197 0.9864072179653715
0 0.5238428118768433 0.9871879537154994
  
  
0 0.00171464234067405 0.1336900479850028
0 0.4354185282828497 1.034403241843086
0 0.4371912019364086 1.035925163262286
  
  
0 0.001994116151954091 0.1338757155422508
0 0.343395593109673 1.073412956380914
0 0.3451640192181205 1.074782831410727
  
  
0 0.002283822739764465 0.1340898235285574
0 0.2480188607200876 1.103021200110778
0 0.2485048126870006 1.103284426939377
  
  
0 0.002581088216402039 0.1343334357376655
0 0.1501247142663264 1.122919869850207
0 0.15166596737931 1.124305993376748
  
  
0 0.002882809076647118 0.1346070625759087
0 0.05077237994361963 1.132938180326447
0 0.05264279772787509 1.134453088456646
  
  
0 0.003186015083789993 0.134911057852093
0 -0.04905887020402776 1.132974808137839
0 -0.04768846443563055 1.133951836831367
  
  
0 0.003487662016949056 0.1352454268862449
0 -0.1483775966987494 1.123013689980777
0 -0.1474385637604959 1.123952737318898
  
  
0 0.00378471013403128 0.1356098588350269
0 -0.2461973928058102 1.103152674084733
0 -0.2444312329818624 1.104671996088845
  
  
0 0.004074063329843884 0.136003592035788
0 -0.3414738146727279 1.073619876467816
0 -0.3396725900628018 1.075027887458341
  
  
0 0.004352846614696974 0.1364257306765487
0 -0.433258831408343 1.034718821443754
0 -0.4323275805063261 1.035320257848973
  
  
0 0.004618472537460046 0.1368754307609417
0 -0.520726139554921 0.9867812534882525
0 -0.5194626703292805 0.9879729289713393
  
  
0 0.004868048819841722 0.1373508714084858
0 -0.6029116395466864 0.9303451743539716
0 -0.6010784110467428 0.9318889573370432
  
  
0 0.005099184308359583 0.1378505498031215
0 -0.6790171065133892 0.8659570309200528
0 -0.6772699682860684 0.8673016526513794
  
  
0 0.005309397681217148 0.1383721293258008
0 -0.7482227841078718 0.7943160921380934
0 -0.7474413216448927 0.7947983447657229
  
  
0 0.005496792582971834 0.1389139693820496
0 -0.8099327989341012 0.7160411234449018
0 -0.8086536804587859 0.7172439620189656
  
  
0 0.005659296911566599 0.139473155840825
0 -0.8634476098582961 0.6320188394869796
0 -0.8616238378200605 0.6335595832796584
  
  
0 0.005795407551017597 0.1400475792922625
0 -0.9082646260793453 0.5430281947232301
0 -0.9064776429001503 0.5444195005579561
  
  
0 0.00590362848483262 0.1406339643545121
0 -0.9438901105967338 0.4500523187600123
0 -0.9428149473041549 0.4507730694425876
  
  
0 0.005982972633274101 0.141229980574477
0 -0.9700153047850252 0.3539295801482699
0 -0.9689924034318073 0.3549348088465502
  
  
0 0.006032584355138295 0.1418322619357494
0 -0.986359665949976 0.2557062132687485
0 -0.9846312782828309 0.257204957988639
  
  
0 0.006051998343141391 0.1424382031826231
0 -0.99275375266598 0.1563158289670884
0 -0.990894193287677 0.1578107327309974
  
  
0 0.006040999300913744 0.1430445416413031
0 -0.9891278710431648 0.05679498662754225
0 -0.9876131835793301 0.05790679313568958
  
  
0 0.005999708388528923 0.1436481576262985
0 -0.9755142722513195 -0.04183824403243265
0 -0.9754478860308649 -0.04170696305169361
  
  
0 0.005928515552832407 0.1442463100887722
0 -0.9520883019831586 -0.1386675274267716
0 -0.950720186243578 -0.1374027593999694
  
  
0 0.00582813095979553 0.1448359231431468
0 -0.9190396830142328 -0.2326613448264694
0 -0.9172408313734243 -0.2311302863534725
  
  
0 0.005699660075391052 0.1454136892559484
0 -0.876738213501904 -0.3228111476056896
0 -0.874903645762809 -0.3213549270811318
  
  
0 0.005544315618301932 0.1459773024730245
0 -0.8255828988513449 -0.408280323103291
0 -0.8241330204235309 -0.4072273083176991
  
  
0 0.005363662666777709 0.1465240978865943
0 -0.7660812113320079 -0.488195381176163
0 -0.7660819672824157 -0.4881617137820361
  
  
0 0.005159440904092088 0.1470517962277354
0 -0.6988520468647453 -0.5618063117019421
0 -0.6975882028534576 -0.5606180048011129
  
  
0 0.004933952976794479 0.1475575402091873
0 -0.624611036639342 -0.6282522727175078
0 -0.6228612671391847 -0.6267432224017555
  
  
0 0.004689092317628181 0.1480401230331334
0 -0.5439866170958066 -0.6869769306318637
0 -0.5421207121178392 -0.6854562094114095
  
  
0 0.004427680555619271 0.1484970098259892
0 -0.457908956343681 -0.7372972686375339
0 -0.4562077458293747 -0.7359976074578153
  
  
0 0.004152297671043982 0.1489268185011912
0 -0.3672259922002588 -0.7787302327434661
0 -0.366099850015332 -0.7779634048040381
  
  
0 0.003865529640933366 0.1493285636353175
0 -0.2727946561673049 -0.8108938897962342
0 -0.2722073632096008 -0.8102524211362743
  
  
0 0.003570290560475986 0.1497011799216594
0 -0.1755901663748022 -0.8334558272448149
0 -0.1742178745628032 -0.8321865376790619
  
  
0 0.003269620192646813 0.1500438745441764
0 -0.07659222683097232 -0.8461664183330356
0 -0.07485168002927554 -0.8446613466830156
  
  
0 0.002966475049225706 0.1503563242546805
0 0.02322358013171454 -0.8489001280183416
0 0.02508676681190699 -0.8473689119167118
  
  
0 0.002664046782043805 0.1506382973643083
0 0.1228058653177353 -0.8416299670633238
0 0.1245843782689636 -0.8402446866961614
  
  
0 0.002365333101103161 0.1508900696135925
0 0.2211681127427059 -0.8244345719224717
0 0.2226097476145118 -0.8233912744700096
  
  
0 0.002073229934936653 0.1511122490408803
0 0.31735878057603 -0.7974795820262972
0 0.3180465764420277 -0.7970684691452463
  
  
0 0.001790644538677425 0.1513056575656114
0 0.4104046190969078 -0.761043385508486
0 0.411232541215654 -0.7601940883139972
  
  
0 0.00152045101958255 0.1514713638828366
0 0.4993649468858219 -0.7154776674430775
0 0.5007605338685751 -0.7141901074123179
  
  
0 0.001265424962168821 0.1516107125653944
0 0.5833341449696599 -0.661248029265361
0 0.585043322037023 -0.6597591950597368
  
  
0 0.001028053643903175 0.1517253901602559
0 0.6614922698392691 -0.5988848751143685
0 0.6633390965464896 -0.5973453666043508
  
  
0 0.0008107140207901821 0.1518172865154599
0 0.7330561896509489 -0.5290082521715687
0 0.7349029797344315 -0.5275296271645101
  
  
0 0.0006156437242997256 0.1518884984497544
0 0.7972890575501481 -0.4523379421851266
0 0.7990027849460746 -0.4510263340448887
  
  
0 0.0004447678405703235 0.1519413680821534
0 0.8535572875908263 -0.3696355155071624
0 0.8549809905507073 -0.3686091931871878
  
  
0 0.0002997628477127913 0.1519784156260182
0 0.901309590820401 -0.2817100536657644
0 0.9022264815996406 -0.2811188732607115
  
  
0 0.0001821037688368376 0.1520023018514682
0 0.9400582057398943 -0.1894573082178705
0 0.9404219982876368 -0.1890169792600208
  
  
0 9.296128058861875e-05 0.1520158276513358
0 0.9694022551860144 -0.09379944636963466
0 0.9704311850396783 -0.09278899327896588
  
  
0 3.322169980309076e-05 0.1520218958051298
0 0.9890684140058504 0.004337057068951688
0 0.9904610316889376 0.005620650661333897
